200
27 9
1 3
5 8
16 19
26 28
29 29
36 36
44 44
46 46
47 47
97 8
4 7
31 32
49 51
76 79
105 106
118 118
143 144
174 174
81 9
2 4
25 30
40 41
65 68
88 89
99 100
117 119
121 122
146 147
32 7
2 6
12 13
21 25
33 34
43 44
52 52
60 60
92 11
3 5
22 24
25 34
41 45
73 77
85 88
98 100
115 115
128 136
162 162
176 176
56 14
5 9
16 19
33 36
48 51
57 59
70 72
73 73
79 79
81 81
84 84
85 87
95 95
101 102
105 105
77 10
2 7
16 21
44 46
61 66
81 81
82 83
94 94
103 103
127 128
148 148
12 6
1 2
3 8
9 12
13 14
17 21
23 23
96 10
6 11
32 35
37 46
56 57
88 90
97 97
125 125
155 155
169 171
176 176
37 11
3 6
9 14
24 27
28 31
35 37
38 41
51 52
54 57
62 63
64 65
70 70
51 11
5 6
17 20
27 29
33 36
48 53
56 56
58 58
64 64
73 75
84 85
96 96
87 10
8 9
28 32
57 58
69 70
84 85
90 90
94 98
124 124
143 144
163 163
47 13
1 4
9 10
23 24
38 40
41 45
48 48
50 50
54 57
60 60
63 64
67 67
74 76
90 91
71 12
3 4
11 16
27 28
29 30
40 45
65 67
75 76
79 79
99 99
108 109
131 132
138 139
35 12
1 4
6 8
10 15
23 24
34 38
36 37
38 38
44 46
50 50
59 59
63 63
67 67
80 12
2 10
13 14
35 36
46 54
66 70
83 83
86 87
93 95
100 101
105 109
129 129
136 136
50 9
5 10
25 29
43 48
52 53
60 60
61 62
67 67
78 79
88 89
78 12
4 5
18 21
27 29
45 46
67 70
79 79
98 98
103 104
117 120
126 126
134 134
140 142
93 10
8 13
34 43
51 53
64 68
90 94
100 102
122 126
147 147
177 177
183 183
48 10
3 7
13 15
27 32
44 47
49 49
52 52
59 59
67 70
82 84
91 91
15 9
1 3
4 6
7 8
9 12
14 17
16 17
21 21
23 23
27 27
41 10
4 9
18 19
23 26
34 38
39 40
43 43
46 46
55 56
61 63
74 74
55 11
4 7
11 16
23 27
40 42
52 53
54 55
60 60
63 64
74 76
88 92
103 103
67 9
3 5
23 26
37 43
62 66
73 74
81 81
90 94
111 112
132 133
99 10
3 6
19 22
23 28
53 57
85 88
101 102
121 121
148 149
175 175
180 180
43 11
4 9
18 20
23 26
31 34
37 40
44 44
56 59
61 61
72 72
75 77
80 80
91 12
5 10
20 22
39 41
49 52
61 62
65 70
100 102
117 117
123 124
136 137
150 153
159 161
88 11
6 11
19 21
41 46
54 59
60 65
78 80
92 92
95 96
124 127
146 148
168 169
30 10
1 6
9 14
22 25
32 32
36 38
40 40
47 48
50 50
51 51
55 55
77 10
7 12
32 35
46 51
60 61
83 83
91 91
107 108
114 114
124 126
145 145
43 10
3 6
16 17
21 22
23 24
37 38
46 48
53 54
57 58
71 71
78 78
58 14
3 4
7 10
20 21
23 26
28 31
36 37
46 51
55 58
60 60
65 67
74 77
90 91
100 101
109 109
64 11
5 10
28 33
50 51
63 67
69 70
73 75
95 95
104 104
109 109
123 123
126 127
57 12
1 3
5 6
24 25
40 45
50 53
58 62
71 71
82 82
84 84
93 93
102 102
112 112
74 10
5 7
18 21
38 41
60 64
68 69
81 83
101 105
128 128
138 139
146 147
51 10
1 4
16 17
20 21
31 35
46 49
54 55
66 70
71 71
76 77
88 88
45 9
4 7
13 18
25 26
36 37
40 41
49 51
64 65
71 73
80 81
53 13
5 8
14 15
20 22
30 34
39 40
46 51
58 58
67 67
74 74
77 77
83 84
85 87
103 104
35 10
3 6
10 13
21 26
32 36
37 37
42 42
43 47
54 55
57 59
68 69
55 8
4 5
12 14
15 19
23 25
42 47
60 62
79 81
98 100
67 10
3 4
21 24
43 44
62 68
70 70
84 89
108 108
122 123
124 124
125 126
44 9
3 7
19 22
35 37
48 48
54 54
57 57
62 62
72 73
78 79
63 11
6 8
22 25
41 43
59 62
64 64
71 71
72 72
77 77
90 91
92 92
112 112
64 10
3 4
8 14
32 37
51 56
60 62
66 66
73 73
86 86
96 100
116 116
71 12
1 2
15 20
27 29
46 48
62 69
74 75
95 96
100 100
109 109
119 125
129 130
139 139
28 9
1 3
7 10
11 14
17 20
25 27
30 31
35 36
44 45
48 49
78 10
2 3
20 23
40 45
50 55
85 86
106 109
120 120
125 127
135 135
154 154
82 12
4 8
27 32
42 45
56 57
83 83
86 89
98 100
109 112
113 113
125 125
134 136
158 158
19 10
1 6
7 9
12 14
17 20
20 20
22 23
25 25
28 28
29 31
33 35
21 9
2 6
10 13
17 19
23 24
25 25
27 27
31 31
34 35
40 41
61 9
6 7
19 20
38 41
59 63
67 67
77 79
84 84
103 103
119 120
47 9
2 3
17 20
34 37
44 45
49 50
61 65
66 66
80 81
88 92
68 9
1 7
21 25
39 41
53 56
73 73
77 77
98 98
100 100
117 119
44 9
3 6
18 20
33 37
41 42
47 47
60 60
67 69
74 74
84 85
55 11
3 8
19 22
30 34
51 52
54 56
60 61
72 72
73 73
86 87
100 101
105 106
94 11
4 9
24 33
49 52
68 73
98 99
112 112
131 133
160 160
161 162
166 166
172 173
74 11
7 9
14 15
32 33
42 43
58 61
80 86
94 97
98 99
113 113
124 125
128 132
30 9
1 4
5 8
12 15
19 20
29 34
33 35
44 44
51 54
56 56
21 8
1 5
9 10
15 17
18 19
23 24
26 27
32 34
39 40
63 9
5 7
20 25
38 40
56 58
65 66
72 77
97 97
108 108
117 118
45 9
4 5
8 9
14 16
20 21
34 38
47 50
62 62
71 72
84 84
19 9
1 6
7 8
12 15
20 21
26 26
28 28
31 32
35 35
37 37
72 12
5 7
10 14
24 26
49 52
53 55
77 77
92 92
94 94
99 99
103 105
124 124
141 142
37 9
2 6
15 16
26 28
29 34
36 38
39 42
51 52
57 57
68 72
39 9
2 4
15 18
25 27
35 36
40 40
48 48
56 57
69 70
74 74
15 9
1 4
6 8
10 13
16 16
19 19
22 22
23 24
26 27
28 28
21 8
2 5
10 14
17 20
23 23
28 28
32 33
35 37
38 40
60 12
5 6
25 29
33 34
53 57
58 59
63 65
67 69
88 88
91 94
105 105
111 112
119 119
23 9
2 4
9 12
15 17
20 24
24 24
30 31
35 37
42 42
43 43
62 11
1 2
12 16
25 27
34 35
44 49
63 67
77 77
95 96
106 107
109 110
112 112
30 12
3 4
13 16
19 21
25 26
29 33
31 33
41 41
47 48
54 54
55 55
58 58
59 59
32 9
1 4
8 10
18 20
24 27
34 35
37 37
41 45
50 53
61 61
12 5
1 5
8 12
13 17
19 19
22 22
75 7
7 11
31 35
57 61
82 85
105 105
114 118
128 131
79 13
3 5
15 16
36 43
45 48
63 66
74 78
81 84
95 96
109 109
130 130
131 131
141 141
152 153
16 7
1 6
7 9
10 15
17 19
23 25
27 27
30 31
63 9
5 8
11 13
27 29
49 50
65 66
74 77
90 90
100 105
117 117
73 11
2 7
12 13
25 28
46 49
66 70
78 78
96 98
112 112
115 118
122 123
143 145
65 13
3 5
7 8
28 32
49 53
59 60
66 66
67 67
81 86
87 87
88 88
99 99
117 118
125 126
80 11
5 7
13 15
28 29
37 41
64 67
69 72
87 87
106 106
131 131
139 140
144 144
28 11
1 4
7 9
10 15
20 22
23 27
30 30
33 33
37 37
39 40
45 47
54 54
34 10
2 4
10 13
23 26
33 34
35 36
39 39
43 43
48 49
55 57
64 65
50 12
4 7
16 17
23 24
29 31
36 40
43 47
52 53
64 65
68 68
82 84
88 90
96 97
70 10
3 4
18 19
37 40
55 56
61 66
71 72
88 88
90 91
112 114
126 128
90 12
6 9
30 31
37 40
42 44
73 78
94 94
121 122
141 141
153 153
161 161
168 168
176 178
44 12
2 3
7 8
13 17
26 29
38 42
48 50
59 59
68 68
75 75
79 79
82 83
84 84
33 9
1 4
6 10
14 19
23 24
32 36
36 36
46 46
50 51
60 60
73 12
5 8
13 17
20 24
35 40
59 64
78 78
94 95
98 98
120 122
123 124
132 133
142 143
11 7
1 2
4 5
6 9
12 13
15 17
19 19
21 21
60 9
3 7
26 31
38 41
56 57
66 66
74 74
76 79
98 100
117 118
11 7
1 5
7 9
12 14
16 16
18 18
20 20
21 21
82 12
6 8
27 31
47 48
67 69
83 85
91 92
105 105
116 116
122 122
128 132
140 143
158 160
49 13
2 5
15 18
23 27
41 43
48 53
50 50
57 59
70 72
75 78
86 87
93 93
95 95
97 97
66 11
4 6
22 25
42 46
48 52
59 63
70 71
83 84
104 104
105 105
108 109
124 125
23 9
2 3
9 12
15 18
22 24
24 25
30 32
38 40
42 42
45 45
37 10
2 6
9 10
12 15
16 19
22 25
34 36
39 39
47 50
55 57
68 71
47 9
2 3
11 13
21 22
30 31
40 41
50 51
62 64
76 78
87 90
72 9
6 9
27 29
35 37
55 57
74 74
94 94
105 105
117 118
138 141
46 11
2 4
11 16
23 28
41 43
44 47
49 50
54 54
61 62
64 64
77 77
90 90
78 11
7 14
20 27
38 39
52 55
66 70
84 86
93 93
99 100
105 105
124 125
139 139
99 13
6 10
19 20
43 52
64 66
82 87
107 107
116 119
129 130
139 140
145 146
148 151
164 165
179 179
15 7
1 4
6 7
8 13
14 17
16 18
22 24
26 27
59 11
4 7
19 23
30 32
35 36
44 46
47 49
63 66
70 70
87 87
101 102
107 108
53 10
5 10
12 15
30 31
43 47
49 51
55 55
69 69
81 81
91 91
92 92
21 8
2 6
11 14
15 16
23 26
28 29
33 35
39 39
41 41
22 8
2 3
5 6
12 16
21 22
24 24
27 29
30 33
38 39
15 7
1 3
7 10
12 14
16 18
19 19
23 24
26 27
97 12
9 13
26 30
55 60
68 70
71 72
77 81
99 100
128 129
134 134
149 149
165 170
188 188
11 6
1 6
8 12
12 12
14 18
19 20
21 21
21 9
2 5
8 12
18 19
22 22
23 23
25 25
27 27
32 34
39 40
27 11
2 6
10 11
16 17
18 21
26 29
29 29
33 33
40 41
47 47
50 50
51 51
51 12
2 4
13 14
27 28
44 49
50 53
54 56
63 63
65 68
83 83
88 89
93 94
101 101
41 9
2 5
15 16
19 22
28 33
45 47
54 54
65 65
72 72
77 79
91 10
2 4
24 26
42 46
60 62
79 88
97 97
119 119
137 137
162 163
172 173
27 10
1 4
11 12
20 24
29 29
30 30
37 37
41 41
49 49
50 50
52 52
55 9
3 4
20 24
36 38
44 48
60 61
69 69
79 80
90 90
106 106
40 10
2 3
8 11
15 16
19 23
33 34
44 45
48 48
52 52
64 64
76 78
93 12
8 11
14 15
18 20
24 28
43 48
75 79
94 95
110 112
116 116
124 124
141 143
173 174
54 14
3 5
7 8
9 13
28 29
36 37
48 51
55 55
62 62
67 67
82 82
90 90
91 91
94 94
105 105
79 10
3 5
18 19
37 39
51 53
71 74
84 87
96 96
121 124
129 130
147 147
28 8
1 3
10 11
18 23
29 29
32 35
42 44
45 45
50 53
76 13
1 5
14 16
34 38
62 66
72 74
78 79
81 84
94 94
98 98
114 114
133 135
139 142
150 150
74 10
4 8
25 30
42 45
64 66
77 78
91 92
105 105
111 115
136 136
137 139
17 8
1 2
4 7
10 13
14 16
18 20
22 23
27 29
33 33
59 11
1 4
13 14
24 26
27 31
34 36
53 57
61 61
67 68
81 84
100 100
116 116
17 10
1 3
4 6
9 11
15 19
18 19
21 22
23 23
25 25
27 27
31 31
10 7
1 4
5 6
8 10
11 11
13 14
16 17
19 19
70 9
7 14
28 29
43 44
62 66
76 77
86 88
104 105
120 122
135 135
79 12
5 10
33 37
45 47
48 53
56 58
83 83
108 110
126 126
142 142
147 147
149 149
153 155
93 12
8 9
11 13
15 19
35 44
65 67
79 83
95 96
124 126
139 139
147 150
168 169
183 185
65 12
5 7
13 14
16 19
31 34
37 42
61 63
67 67
85 86
94 96
113 114
121 121
126 129
72 13
3 8
10 14
17 18
30 32
37 39
52 55
77 78
98 99
110 110
115 118
124 124
127 127
136 137
79 9
5 7
30 35
44 48
61 62
83 83
86 91
102 102
123 126
147 147
94 11
1 6
26 29
40 44
45 54
72 74
101 101
120 123
151 151
165 167
171 171
172 180
62 10
3 5
18 24
26 27
37 41
55 60
67 69
79 81
83 86
104 107
112 112
60 12
5 9
14 18
21 26
45 50
63 64
66 68
74 76
89 89
98 98
102 102
117 117
119 119
22 9
1 5
11 12
13 15
19 20
23 23
28 29
31 33
37 38
43 43
77 10
7 8
29 36
38 39
58 60
64 67
70 71
78 80
98 99
114 114
135 136
95 12
3 7
24 33
34 37
65 70
85 86
98 98
110 110
121 122
140 140
148 151
163 164
178 180
89 14
8 9
18 19
36 38
61 65
76 78
85 87
93 94
103 103
128 129
143 150
153 155
159 159
173 173
177 177
76 13
6 8
14 16
25 28
51 54
66 73
81 82
83 84
100 104
122 122
123 123
132 133
136 138
150 151
23 7
1 4
7 11
14 19
25 27
31 35
38 40
45 45
88 10
8 11
36 38
61 62
66 70
87 88
92 99
127 128
141 141
144 144
168 169
70 9
6 9
25 26
40 45
51 56
74 75
93 93
103 103
112 116
126 126
52 10
5 7
14 16
18 20
30 33
43 45
51 53
55 55
68 71
87 88
101 101
50 12
1 4
16 18
19 22
35 36
46 50
53 53
59 60
69 71
75 75
76 76
87 87
90 92
95 12
4 7
17 22
28 29
31 35
48 52
74 79
83 86
102 102
113 115
134 135
154 154
165 168
93 9
3 12
20 24
51 55
83 84
100 103
110 110
120 120
145 145
165 166
65 14
3 4
14 15
31 33
42 46
53 54
56 61
70 70
71 74
85 85
91 92
95 96
113 113
121 123
124 124
63 9
5 11
17 18
31 36
50 52
58 60
68 70
88 90
99 100
113 114
42 10
2 7
18 20
26 30
45 47
51 52
61 61
63 64
67 69
73 73
83 83
42 9
2 6
11 14
15 20
21 22
34 37
45 46
59 61
65 66
79 80
29 9
2 3
10 11
13 15
17 22
30 31
32 33
34 38
46 47
54 56
34 11
3 6
13 15
17 18
21 26
32 35
36 39
41 41
48 49
51 52
59 59
63 63
51 12
5 8
14 17
33 37
43 44
53 54
58 58
59 60
67 67
72 72
78 81
90 91
94 94
37 10
2 6
14 16
26 27
35 37
38 39
43 43
52 52
62 62
68 69
72 73
81 9
4 5
23 27
31 34
58 61
73 75
88 90
109 109
134 134
154 154
69 9
5 8
20 21
36 38
56 60
72 73
78 79
89 89
110 111
128 129
17 9
1 3
4 6
9 13
15 18
18 19
21 21
23 23
27 27
31 32
13 8
1 4
5 8
9 13
14 15
18 18
19 21
22 22
23 24
21 9
1 2
8 11
15 18
20 21
23 24
26 26
28 30
33 35
39 41
74 10
2 9
16 18
22 29
48 49
51 56
67 68
80 81
99 99
104 104
127 127
55 12
4 9
16 19
34 35
48 51
52 54
60 61
62 62
75 75
85 86
97 97
99 99
105 108
14 9
1 5
8 10
11 16
15 15
17 18
20 20
21 22
23 24
27 27
29 11
2 7
10 12
14 18
22 26
30 30
36 36
39 39
42 42
47 48
49 49
51 53
60 11
3 8
13 16
30 36
48 51
63 63
72 72
80 80
96 96
99 102
103 104
109 112
38 11
3 7
12 14
18 19
21 23
29 30
32 36
39 40
42 44
50 50
60 60
63 66
20 8
2 5
7 8
9 14
17 19
22 24
28 30
35 35
37 38
73 11
3 8
12 15
26 27
35 37
51 56
75 76
99 99
105 107
109 109
118 122
126 127
41 12
4 7
8 9
17 20
29 31
45 45
48 52
56 57
59 61
70 70
71 72
76 76
80 81
63 14
2 4
5 7
24 28
30 35
40 44
47 48
53 57
65 66
71 71
85 87
89 89
104 104
114 115
125 125
96 8
2 6
37 42
63 64
87 88
98 98
119 119
135 135
166 166
47 8
3 6
14 19
28 32
44 47
51 51
63 63
68 72
80 81
63 10
2 7
27 32
45 48
65 66
67 68
84 86
90 90
97 100
113 114
116 117
64 10
3 7
12 13
30 35
41 42
61 67
69 72
82 83
88 88
102 106
118 120
37 8
2 4
15 18
28 31
36 41
39 40
48 48
54 56
67 67
50 12
2 3
6 8
20 22
29 30
41 44
52 52
54 55
65 68
81 82
92 93
94 94
96 99
95 11
5 10
24 28
30 35
59 64
69 70
98 101
128 128
158 158
179 180
182 183
185 186
90 11
4 6
30 32
38 40
57 60
78 79
91 91
104 105
132 132
142 142
143 143
157 160
13 8
1 2
3 7
10 11
14 14
16 16
18 20
22 22
23 24
65 13
6 10
14 17
32 36
53 55
58 59
67 67
70 71
75 77
81 82
88 88
91 92
110 110
126 129
66 10
4 7
24 30
51 55
68 69
70 71
77 78
85 86
94 94
97 100
113 116
92 9
9 14
36 39
55 57
73 74
96 96
105 106
121 121
150 151
172 172
38 10
3 4
9 13
24 28
36 38
41 41
52 55
66 66
67 67
69 69
70 71
97 11
5 10
39 42
49 54
85 86
99 99
113 114
131 131
160 160
165 167
190 190
193 193
75 11
1 4
27 32
42 47
57 58
73 74
78 78
98 98
103 103
111 112
128 128
133 133
40 10
2 7
18 20
24 28
38 41
41 42
53 54
59 59
64 65
70 71
76 76
25 9
2 5
6 11
18 20
24 27
26 26
30 30
33 36
40 40
42 44
35 10
3 8
17 21
25 26
33 38
38 39
43 43
45 45
46 47
53 56
64 65
88 12
8 11
13 15
37 39
44 48
73 81
85 93
92 92
119 119
126 129
136 137
159 164
172 172
45 11
3 5
18 23
35 36
37 39
47 51
64 65
73 73
77 79
80 80
83 84
87 88
85 11
6 7
9 13
28 32
44 46
69 72
91 91
95 96
105 105
114 114
125 128
152 154
75 13
2 4
21 22
35 37
44 46
53 60
64 69
79 81
90 91
94 94
117 117
132 132
137 137
142 142
74 10
6 10
27 32
34 37
41 46
56 59
75 79
93 93
102 102
112 113
130 130
17 8
1 3
4 5
8 13
18 18
19 20
22 23
26 28
32 32
12 6
1 3
6 10
13 15
16 17
20 20
21 21
99 10
5 10
27 32
56 59
79 82
107 108
129 132
142 142
159 161
189 192
196 197
73 12
2 5
10 15
38 41
46 48
59 66
69 74
78 80
86 88
102 103
111 111
132 134
137 138
68 12
1 4
13 17
34 35
46 47
54 60
69 69
74 76
93 95
100 101
103 104
115 117
133 133
20 11
1 2
7 9
13 15
17 19
22 23
26 26
27 27
32 32
33 34
35 36
39 39
