250
147 16
10 24
29 31
39 43
72 76
118 121
135 136
148 149
188 200
201 204
222 228
243 243
264 264
266 270
271 273
287 289
291 291
971 11
64 68
188 191
310 315
428 525
761 763
775 778
1054 1054
1206 1206
1463 1465
1563 1564
1865 1868
883 9
5 9
134 222
429 432
521 524
805 849
895 897
1158 1158
1425 1426
1677 1678
54 10
3 8
21 25
31 33
50 52
53 58
59 60
73 74
86 87
88 90
107 107
982 13
8 12
199 203
487 489
748 751
1028 1029
1030 1032
1267 1267
1385 1386
1668 1669
1716 1718
1735 1735
1778 1778
1786 1882
265 12
9 10
90 92
137 139
148 150
171 173
241 243
274 276
335 340
404 404
408 409
453 453
487 487
224 13
20 23
26 28
31 34
53 54
75 78
143 148
203 207
245 253
311 311
362 366
408 411
419 423
440 440
82 14
2 4
14 22
28 31
50 52
57 58
76 77
86 89
95 95
108 109
113 114
133 134
138 141
151 154
155 157
931 13
37 38
119 121
289 293
363 366
586 588
725 730
780 783
976 980
1229 1297
1418 1418
1462 1462
1548 1549
1687 1729
528 13
17 20
107 110
140 142
203 208
334 335
484 488
515 518
555 555
593 593
623 627
724 724
869 869
963 963
928 16
36 37
61 63
70 75
83 84
296 297
318 320
443 448
664 666
726 729
815 820
949 962
1185 1187
1338 1340
1585 1585
1692 1694
1715 1715
753 11
41 44
145 148
251 252
269 272
521 526
812 812
868 872
1095 1125
1295 1296
1343 1344
1423 1423
93 11
5 6
31 34
37 42
61 66
77 79
92 94
99 100
126 128
136 136
154 158
184 184
235 16
1 3
55 56
91 95
105 116
126 127
129 131
177 181
240 240
250 251
274 278
297 298
312 320
358 358
377 377
418 422
449 450
560 14
11 12
195 200
264 266
283 288
403 406
547 549
589 592
595 596
640 641
648 651
798 798
976 978
1014 1015
1051 1052
587 10
26 28
185 186
246 250
252 254
390 393
522 527
631 632
694 695
871 872
1055 1056
635 10
59 90
258 260
426 428
441 442
668 670
711 712
792 793
935 935
1115 1138
1257 1257
928 11
78 82
375 378
469 470
599 602
714 718
745 749
1020 1022
1219 1220
1499 1501
1770 1770
1822 1822
804 13
79 84
126 129
253 256
478 481
566 569
794 795
832 832
1042 1042
1185 1186
1189 1190
1201 1201
1335 1335
1481 1481
328 11
17 22
80 82
152 155
218 221
237 269
296 301
342 342
446 446
519 519
589 589
599 601
834 7
40 43
301 306
489 572
876 876
1103 1131
1311 1313
1518 1520
125 8
11 14
39 41
77 78
96 101
137 142
175 176
215 218
238 239
644 9
26 29
164 165
339 342
491 494
598 601
653 654
818 820
982 982
1167 1168
807 10
51 53
145 225
263 343
349 352
488 528
739 744
827 829
1078 1079
1341 1341
1603 1603
373 15
5 10
67 68
90 94
185 187
276 277
329 334
391 393
420 421
452 453
462 462
522 522
544 545
591 592
643 646
669 671
635 13
22 53
110 112
269 300
363 368
376 381
485 488
599 662
686 686
705 706
855 857
1044 1044
1162 1163
1199 1207
461 15
24 27
130 132
162 185
238 261
340 341
369 371
482 482
530 530
536 549
558 561
649 651
682 683
708 709
769 772
869 879
251 12
10 14
85 90
140 142
200 212
246 249
270 270
281 281
282 284
334 336
362 362
382 382
432 432
398 16
17 18
39 43
121 122
132 136
152 156
190 191
262 301
332 335
359 361
369 373
416 417
532 533
602 602
665 665
755 757
773 775
561 10
13 41
179 182
352 353
536 538
608 612
677 677
716 716
826 826
990 990
1119 1119
51 12
2 5
7 10
15 18
33 34
43 44
54 54
56 56
65 65
74 74
84 84
92 94
101 101
989 9
75 79
133 134
364 368
655 704
1079 1079
1229 1249
1352 1353
1620 1620
1830 1830
76 11
1 3
24 28
39 42
52 54
66 68
82 86
103 103
108 109
120 120
135 136
151 151
954 12
75 76
145 146
415 419
714 716
842 889
998 1000
1190 1191
1429 1431
1704 1705
1720 1720
1834 1835
1893 1894
841 12
13 17
154 196
251 253
387 388
658 663
704 705
817 822
907 907
1096 1098
1211 1212
1333 1334
1522 1523
753 11
10 12
117 119
122 197
334 409
507 511
736 740
805 809
1013 1017
1126 1126
1344 1344
1393 1393
132 8
5 9
30 43
78 83
120 124
141 143
177 179
220 222
251 251
464 11
38 39
180 226
268 270
273 276
421 422
491 492
497 497
499 500
619 620
744 765
865 865
373 14
10 13
32 33
56 58
106 107
183 185
307 310
344 348
400 408
464 465
493 508
630 632
687 687
704 704
734 734
269 11
5 9
22 25
109 122
146 147
159 162
241 242
276 279
324 324
395 398
484 485
519 521
501 11
46 47
102 107
272 273
373 374
489 491
533 533
689 689
728 730
782 783
890 924
998 999
355 12
32 33
35 70
164 169
214 231
266 267
337 342
375 381
411 413
448 455
508 508
541 542
614 618
993 10
8 12
324 328
405 408
547 549
795 844
1028 1029
1285 1287
1528 1529
1620 1621
1919 1947
163 10
2 6
27 31
76 77
119 135
170 172
204 206
214 214
259 259
265 269
314 314
128 12
4 8
21 25
62 67
87 90
111 112
114 117
132 132
150 152
170 174
199 199
221 221
229 229
52 13
3 4
7 12
16 18
29 31
40 43
45 48
49 50
56 58
66 66
75 75
79 81
86 88
101 101
558 14
26 28
85 90
168 172
207 208
362 366
395 397
459 461
576 576
641 643
779 780
813 815
842 865
883 887
980 980
325 13
29 34
51 52
62 67
86 91
197 199
261 293
349 349
369 370
422 422
457 457
526 526
575 581
640 640
705 10
55 57
152 155
259 264
383 384
410 414
614 615
706 706
857 857
999 1000
1206 1207
646 9
31 32
176 179
220 221
420 421
602 605
691 691
849 850
947 948
1142 1143
726 14
31 36
193 197
234 235
323 328
358 362
407 411
576 581
706 709
742 742
865 866
1028 1029
1213 1213
1277 1278
1447 1448
492 12
24 28
78 81
194 197
336 337
484 488
501 501
598 598
605 605
652 655
784 784
824 824
890 890
840 10
82 124
241 245
446 447
726 728
861 862
1038 1039
1078 1146
1229 1230
1242 1243
1462 1462
752 13
25 62
192 229
386 391
529 530
594 597
812 812
912 912
1077 1077
1210 1210
1216 1217
1289 1315
1358 1359
1503 1503
557 10
41 44
173 176
318 320
499 502
582 583
655 655
722 724
769 815
975 975
1062 1062
268 13
12 15
51 55
115 116
136 137
170 172
198 199
286 287
357 359
390 391
462 465
491 491
511 511
515 527
437 13
9 14
48 53
191 195
214 216
314 315
389 391
460 471
529 529
619 621
644 646
700 714
720 720
816 844
643 11
8 9
222 225
266 267
429 430
459 462
625 630
670 673
705 718
928 930
1063 1063
1249 1249
216 10
19 22
84 88
118 120
125 130
152 157
233 234
270 283
335 336
349 350
374 374
781 14
6 10
120 123
296 298
347 348
370 373
600 602
691 696
806 809
994 994
1179 1183
1217 1217
1452 1452
1528 1529
1552 1556
896 16
73 76
124 127
390 395
550 553
691 694
903 906
915 916
1079 1079
1113 1115
1328 1330
1343 1347
1406 1406
1458 1459
1648 1718
1736 1738
1776 1776
466 14
22 26
166 167
209 212
305 307
345 350
388 393
421 424
499 500
588 589
599 601
665 666
807 807
827 832
901 901
299 13
18 32
115 117
148 150
163 165
258 262
269 283
309 309
380 381
419 420
425 426
522 522
563 565
586 586
612 11
45 50
212 216
325 327
378 380
410 415
449 454
584 585
630 631
832 832
949 951
1137 1137
19 11
1 4
5 7
10 14
15 16
18 23
20 20
22 23
25 27
30 31
32 32
34 36
446 9
40 44
138 139
264 265
292 297
408 430
468 468
518 534
661 665
806 809
628 13
31 33
102 107
242 244
389 451
654 658
725 726
730 730
931 934
1026 1027
1081 1096
1182 1202
1240 1241
1255 1255
902 12
2 4
282 327
355 358
552 553
720 723
882 887
929 934
1103 1103
1169 1257
1408 1410
1585 1585
1679 1743
666 14
47 49
125 128
236 240
359 360
411 414
474 479
490 495
557 562
620 622
717 717
877 877
1068 1091
1092 1111
1225 1226
159 10
1 4
32 36
58 62
94 97
136 137
170 171
199 199
248 248
256 257
296 306
959 14
34 37
228 230
258 259
565 569
833 837
921 922
966 966
968 968
1185 1230
1241 1241
1246 1246
1417 1417
1704 1705
1808 1809
573 16
34 36
96 98
152 155
171 173
316 344
460 461
546 549
581 581
711 711
759 759
805 805
821 823
861 861
900 900
974 974
1125 1125
822 15
30 35
130 131
161 163
191 273
333 334
447 449
579 583
800 802
819 860
847 848
1031 1034
1232 1232
1358 1360
1452 1452
1575 1575
555 11
20 23
118 121
238 241
332 335
437 441
557 557
635 636
782 782
825 826
861 861
1018 1018
670 12
41 43
114 118
198 199
309 310
451 454
570 571
690 692
710 711
834 834
846 858
1025 1027
1121 1123
881 12
65 70
262 265
327 329
522 523
662 667
775 776
920 922
1129 1130
1156 1157
1449 1449
1499 1499
1688 1690
176 13
8 9
29 34
67 71
128 132
171 175
190 192
225 226
259 259
287 287
301 301
310 316
318 319
343 343
378 12
6 11
42 47
137 139
151 154
237 242
268 273
317 319
380 381
495 495
611 611
675 677
695 695
336 14
20 25
66 71
83 87
131 134
243 244
278 279
357 357
399 400
434 435
498 498
536 537
544 544
600 601
637 639
589 15
32 37
110 115
181 186
231 234
271 274
299 302
394 398
626 653
703 704
743 744
754 774
838 838
848 851
997 999
1133 1134
23 9
2 6
12 16
22 25
25 25
28 28
34 36
37 38
40 40
44 44
355 15
12 16
79 83
85 90
120 125
133 136
220 222
288 290
342 346
376 376
398 398
422 438
478 479
539 541
563 565
641 642
168 13
1 4
12 15
40 48
90 94
142 144
183 185
214 214
218 218
225 228
237 238
250 253
287 287
325 326
409 13
19 22
67 72
142 144
152 156
172 177
194 198
257 260
342 345
416 416
536 537
657 659
684 685
795 798
162 12
11 12
35 36
76 78
93 95
125 130
140 141
166 166
196 196
232 233
259 259
291 298
318 323
669 12
50 53
271 337
412 414
440 444
491 494
534 538
566 570
602 606
710 712
898 900
1044 1047
1130 1133
559 15
14 16
78 82
134 139
202 203
286 291
307 310
418 419
508 511
598 601
655 655
736 738
837 838
841 843
933 937
994 994
337 15
25 27
118 120
133 136
137 140
152 155
175 176
245 261
349 370
389 390
432 434
461 461
483 484
503 503
578 579
635 635
822 14
41 46
117 118
302 384
474 476
597 638
898 898
944 944
1018 1019
1090 1091
1125 1126
1142 1145
1246 1261
1367 1367
1523 1523
203 11
3 4
19 22
65 66
124 134
196 201
208 209
254 266
319 320
347 347
366 366
369 370
813 15
79 82
131 132
221 225
229 230
451 453
666 667
788 828
867 910
935 938
1005 1038
1225 1225
1404 1404
1468 1468
1478 1478
1556 1556
663 10
4 8
26 92
296 301
412 413
534 538
728 728
866 869
1034 1038
1143 1144
1267 1287
129 11
2 4
42 47
71 72
79 82
89 91
99 105
139 139
172 172
178 179
219 219
255 256
51 9
5 6
15 19
35 38
46 48
55 57
59 59
74 75
81 82
96 100
498 14
49 54
111 114
119 120
158 162
192 195
262 265
404 406
442 443
507 507
622 624
763 763
767 768
837 837
956 956
752 13
65 102
108 112
215 216
242 247
330 335
494 499
678 715
810 810
946 948
1172 1172
1221 1221
1379 1379
1410 1412
813 12
26 28
105 107
219 220
478 481
704 706
775 777
822 824
854 854
999 1002
1226 1226
1336 1340
1560 1561
533 14
10 12
70 72
88 91
109 112
195 197
254 256
296 322
456 459
487 491
580 580
701 702
777 777
940 942
951 975
558 11
2 3
63 67
233 234
310 337
497 500
552 556
565 565
691 691
737 739
920 924
1087 1090
576 13
27 84
91 96
199 200
309 310
326 328
428 433
544 549
574 576
594 597
665 665
749 749
922 922
1066 1066
475 9
17 64
89 91
127 128
233 256
354 355
513 517
661 662
722 722
819 819
96 12
4 9
11 14
17 19
39 40
52 61
63 64
67 68
87 89
101 101
121 122
150 152
181 183
548 12
16 19
174 176
240 245
425 427
507 510
569 578
729 729
794 795
833 833
855 856
908 908
1050 1050
405 11
14 16
26 29
85 88
117 137
217 257
314 334
438 441
528 528
547 547
666 683
801 801
453 19
35 36
86 87
150 153
208 212
288 291
359 362
431 433
446 447
450 455
456 456
537 539
617 617
646 646
696 697
704 706
714 715
837 837
895 895
900 900
96 11
9 13
22 24
37 38
56 58
70 72
90 93
103 106
115 115
140 143
148 149
166 166
334 13
10 12
53 56
62 65
159 164
225 229
330 331
337 337
407 409
444 444
472 473
564 565
632 632
657 658
100 11
4 8
19 20
46 48
49 50
57 58
86 89
104 107
114 117
132 132
154 157
189 191
846 11
75 77
304 306
513 516
714 718
836 839
870 874
1051 1051
1266 1269
1301 1359
1416 1417
1650 1652
919 12
43 48
67 69
371 375
547 548
841 843
1007 1009
1236 1251
1502 1551
1566 1568
1630 1631
1644 1644
1811 1815
234 11
10 21
32 34
93 96
148 153
211 216
256 256
329 329
334 334
370 370
410 411
455 455
253 14
8 11
19 20
77 81
107 110
130 132
162 163
214 215
238 241
242 246
273 274
279 279
312 316
373 373
451 457
418 9
33 36
106 109
196 200
207 208
329 349
429 429
560 592
721 722
791 793
302 10
12 27
86 89
160 163
200 202
248 252
328 339
407 408
411 411
445 459
509 510
829 11
76 78
330 331
413 417
474 476
554 555
752 753
838 838
1078 1078
1217 1217
1324 1326
1551 1551
904 12
49 54
254 256
299 301
527 531
710 713
960 962
1058 1058
1228 1229
1264 1268
1431 1432
1507 1587
1646 1647
979 13
91 93
277 282
553 558
641 738
843 845
933 1030
1062 1063
1314 1316
1334 1334
1347 1347
1427 1428
1656 1658
1877 1879
931 11
44 45
349 354
383 476
548 552
793 795
842 843
877 878
967 968
1174 1208
1470 1471
1757 1757
484 14
16 17
98 99
254 255
352 357
372 374
463 511
529 532
614 614
751 753
854 877
891 894
919 920
952 952
955 963
428 12
23 25
129 150
161 162
236 240
346 351
394 398
447 451
517 518
619 622
660 660
777 779
812 812
276 16
13 17
22 27
65 67
149 151
201 203
219 221
223 224
302 302
322 323
354 354
365 365
370 370
376 377
396 396
403 405
485 485
597 13
32 34
125 130
232 236
381 386
430 433
569 570
649 652
656 658
684 684
685 685
875 876
1028 1030
1148 1148
238 12
10 15
32 36
101 124
128 131
189 190
260 260
275 276
304 306
325 326
327 328
374 375
428 430
931 14
80 83
141 143
171 175
327 373
637 640
742 744
862 908
980 981
982 983
1202 1263
1310 1312
1364 1364
1583 1583
1642 1645
692 13
28 30
86 88
182 216
300 303
495 497
643 712
696 697
821 889
894 894
1109 1109
1176 1177
1196 1198
1293 1316
842 11
25 26
29 32
206 211
380 385
596 599
731 734
888 888
1112 1113
1291 1327
1342 1342
1430 1431
459 10
19 22
125 130
132 133
235 236
387 389
502 503
529 531
574 595
722 723
866 868
310 12
26 27
60 65
131 133
194 195
251 254
321 322
328 330
404 405
444 444
482 483
503 504
591 593
748 15
22 25
36 37
187 189
428 431
445 449
640 643
654 657
762 764
798 798
860 862
995 997
1059 1059
1068 1068
1236 1236
1280 1315
696 14
27 30
105 110
153 154
164 168
268 272
448 453
482 485
559 562
575 577
663 666
759 760
909 909
996 999
1221 1222
976 15
31 35
284 285
500 505
708 710
841 938
939 941
958 960
1000 1002
1232 1259
1416 1416
1444 1445
1576 1577
1642 1642
1925 1925
1927 1939
109 12
5 6
19 20
32 42
67 71
73 75
101 106
108 113
118 120
132 132
159 159
174 174
209 211
206 13
17 22
55 58
90 95
133 138
171 181
200 210
218 220
285 286
311 311
325 326
348 353
382 382
411 411
227 12
21 23
72 73
78 79
143 146
185 188
239 240
277 278
340 341
387 387
395 395
405 420
447 449
285 9
11 12
101 106
185 189
245 248
310 312
405 406
462 463
476 476
567 568
449 10
25 26
123 124
236 241
293 294
353 375
474 474
531 531
620 622
735 745
842 845
993 15
24 25
283 285
413 512
580 581
722 726
733 734
925 927
1000 1002
1078 1078
1159 1162
1300 1316
1354 1354
1663 1663
1865 1868
1957 1957
258 11
7 8
28 30
55 60
139 151
170 174
208 209
270 270
338 338
423 426
482 483
500 500
769 11
55 58
116 119
292 296
540 543
629 634
793 793
1047 1049
1168 1169
1316 1317
1357 1358
1498 1500
223 13
5 10
39 41
55 60
72 77
107 110
176 178
217 221
236 236
276 285
312 312
371 372
404 404
426 426
979 14
21 22
286 290
539 542
824 827
842 847
1065 1066
1188 1188
1475 1475
1578 1580
1599 1599
1691 1691
1765 1766
1814 1814
1851 1875
385 10
14 15
83 86
115 119
242 244
266 268
294 298
407 409
528 529
627 628
644 680
20 7
1 5
8 9
14 18
22 22
26 27
32 32
35 37
775 12
25 28
266 267
469 472
478 480
589 594
823 823
872 873
1031 1042
1196 1210
1379 1379
1400 1400
1494 1497
999 13
92 93
230 235
505 507
541 590
918 920
927 928
1044 1045
1065 1065
1222 1248
1376 1377
1668 1668
1671 1671
1748 1748
960 14
32 36
318 319
387 390
462 467
637 639
706 707
1049 1049
1067 1069
1209 1209
1284 1284
1317 1320
1524 1526
1595 1596
1781 1782
915 13
61 63
201 202
362 364
392 396
427 428
469 474
712 713
839 840
994 994
1298 1300
1394 1407
1490 1490
1668 1668
246 8
7 10
82 86
144 168
179 182
258 258
338 338
362 365
444 444
233 10
3 4
37 40
91 94
169 172
228 232
240 241
309 316
361 362
420 420
449 450
206 11
9 19
85 90
96 98
138 139
154 156
171 173
225 226
282 282
346 348
386 398
410 411
711 12
66 68
178 182
199 204
390 393
530 534
582 583
738 738
827 827
1009 1012
1155 1155
1356 1356
1413 1413
169 14
3 4
14 18
36 38
62 65
112 113
120 122
149 152
171 171
226 229
232 237
257 258
278 279
298 298
336 336
118 12
7 8
22 23
24 26
57 58
72 75
89 91
110 113
127 128
158 158
160 160
189 190
217 218
874 13
60 62
189 193
201 203
341 345
598 601
658 663
725 727
924 925
957 968
1166 1167
1437 1437
1700 1710
1734 1735
566 10
47 51
219 222
300 304
339 340
522 525
609 613
702 704
798 799
852 855
1003 1005
648 13
54 56
127 130
147 148
232 235
410 415
489 493
678 680
744 744
810 825
931 931
1033 1033
1052 1052
1172 1175
825 12
29 31
232 234
239 241
318 319
540 542
697 738
896 896
946 967
1233 1236
1293 1293
1456 1456
1613 1613
301 11
18 23
51 53
149 151
173 175
241 244
328 328
345 345
387 388
410 410
507 507
577 581
33 8
2 6
14 19
20 24
35 35
45 45
52 52
56 58
59 60
336 14
13 14
31 35
96 98
154 159
225 226
280 283
355 355
410 410
514 526
537 539
554 558
601 601
628 630
651 652
93 12
4 13
39 41
59 63
66 70
89 92
102 103
115 118
144 144
145 146
152 153
160 162
185 185
151 10
2 6
39 43
68 71
111 116
158 161
192 193
202 203
228 228
268 268
282 282
652 10
8 11
193 195
366 367
441 446
645 650
715 715
920 920
1090 1093
1265 1265
1266 1266
99 12
3 7
24 25
39 42
64 69
87 92
103 104
131 131
139 140
162 162
163 163
173 175
189 189
476 14
33 34
118 141
217 222
302 303
419 420
432 434
475 522
516 516
554 554
614 615
743 743
777 777
838 838
901 905
954 14
14 15
116 120
308 313
401 403
452 453
607 609
802 804
972 972
1125 1125
1279 1279
1386 1387
1438 1438
1683 1683
1834 1864
387 10
12 14
137 141
193 197
255 256
367 386
411 412
425 425
518 518
573 574
679 680
911 15
85 90
320 323
344 346
479 480
746 837
893 984
937 937
940 981
1096 1097
1197 1198
1390 1390
1518 1520
1677 1677
1685 1687
1767 1803
872 14
63 67
125 127
307 308
351 353
441 443
662 663
857 860
883 883
1065 1066
1235 1235
1294 1295
1435 1435
1577 1577
1740 1743
605 15
57 61
193 195
239 243
254 257
323 325
406 408
598 599
616 617
762 762
786 786
966 966
1083 1083
1121 1123
1159 1159
1169 1172
991 11
93 94
293 294
445 448
686 687
960 963
995 995
1145 1146
1406 1406
1685 1685
1847 1853
1937 1938
809 13
19 20
274 278
311 314
502 507
584 588
796 801
846 846
916 916
1022 1026
1213 1214
1304 1312
1530 1535
1574 1576
711 11
33 68
161 164
244 247
350 354
467 470
554 559
764 764
944 946
1110 1126
1236 1239
1394 1394
834 9
64 67
321 322
551 552
795 796
877 885
1072 1073
1283 1284
1398 1398
1644 1644
507 14
47 50
168 169
279 281
406 410
449 452
490 492
515 515
552 555
690 690
730 730
833 835
902 904
914 914
969 969
841 13
38 40
194 197
377 380
547 552
695 696
846 846
902 904
913 914
971 972
1123 1125
1316 1316
1346 1346
1574 1574
654 12
31 32
113 114
167 171
215 217
306 308
474 539
681 681
836 838
1010 1013
1132 1134
1244 1244
1302 1302
116 9
11 14
49 54
86 89
99 101
106 108
124 125
155 155
187 189
224 224
837 15
17 20
68 151
226 229
279 282
394 395
397 401
459 460
502 507
677 678
891 894
933 935
1166 1167
1393 1395
1464 1467
1666 1666
651 14
19 21
190 191
216 281
324 356
525 526
528 531
618 619
705 707
712 714
859 859
1033 1033
1041 1041
1171 1174
1255 1255
152 13
10 14
23 27
37 52
62 67
83 90
103 104
118 122
160 161
202 204
205 205
251 252
292 292
299 300
273 12
5 9
69 73
144 147
180 181
193 206
251 254
285 287
352 353
402 402
409 411
441 441
486 486
496 13
8 10
48 52
72 74
235 237
359 383
477 479
499 500
640 643
796 796
799 800
839 839
886 886
952 953
826 15
76 78
171 175
379 384
432 435
618 620
622 626
711 715
780 782
846 847
976 976
1073 1073
1077 1077
1313 1313
1582 1596
1636 1637
978 11
23 24
248 250
338 341
506 507
736 741
1024 1042
1339 1339
1464 1464
1716 1717
1775 1777
1855 1856
127 14
1 2
26 30
42 43
64 66
69 70
72 74
90 91
110 114
138 140
178 178
190 192
198 198
222 223
248 249
611 15
56 57
121 123
148 150
173 203
283 287
382 383
415 420
573 576
647 648
680 681
736 737
936 936
1048 1048
1088 1089
1167 1168
130 9
2 7
31 35
66 71
97 99
136 136
157 158
197 197
215 215
256 256
491 12
41 44
189 190
205 229
347 348
465 469
540 541
607 608
681 681
739 740
791 798
905 906
941 941
39 9
2 3
10 12
22 27
36 39
40 40
51 51
55 56
63 65
70 70
782 9
68 107
241 242
438 477
679 680
768 773
795 795
1040 1040
1290 1290
1404 1405
865 10
46 89
218 220
430 431
545 550
756 761
785 787
938 938
1034 1034
1250 1250
1525 1571
685 12
56 58
148 216
314 315
373 377
410 413
574 577
601 605
739 740
759 762
933 933
1114 1114
1315 1317
957 13
31 34
273 276
502 506
512 513
637 684
735 737
877 880
1030 1031
1215 1217
1237 1279
1373 1375
1556 1558
1841 1844
531 13
17 21
43 44
71 75
144 197
277 279
389 393
582 582
654 654
755 759
833 834
858 858
910 910
1042 1044
95 13
1 2
13 15
43 46
49 51
80 81
98 98
101 101
117 117
131 133
134 136
154 154
174 174
176 176
32 9
2 3
6 8
15 19
21 25
34 34
41 41
48 50
51 51
56 57
23 9
2 3
9 13
14 16
17 20
25 27
32 32
34 35
40 40
45 45
565 11
51 52
180 185
355 360
476 477
515 518
594 595
747 749
851 894
1053 1053
1059 1059
1123 1125
580 13
49 50
72 73
133 138
223 225
411 413
549 551
586 587
603 604
755 776
862 863
959 972
973 977
1105 1105
12 6
1 2
4 7
8 11
13 14
17 18
20 23
185 12
1 6
20 21
25 27
37 41
67 72
96 98
158 163
191 191
223 223
282 282
333 342
360 361
596 11
46 47
235 237
404 406
475 477
642 644
827 827
920 923
975 977
989 989
1128 1128
1160 1160
436 9
28 32
130 135
253 254
306 307
408 410
450 452
583 602
734 737
833 833
661 8
38 42
246 249
330 332
550 553
693 693
912 912
978 981
1171 1172
272 12
2 5
50 53
113 116
143 144
181 183
203 204
248 253
296 298
377 380
435 437
485 490
524 525
993 13
96 99
119 124
232 331
380 385
706 707
834 837
911 960
1051 1102
1231 1231
1393 1393
1429 1430
1538 1540
1802 1802
489 14
14 15
51 54
83 86
219 224
287 291
415 419
440 442
444 447
462 466
498 529
628 628
783 783
834 836
882 885
770 11
68 71
306 307
347 349
352 355
463 501
520 522
688 689
808 809
883 883
1119 1119
1323 1325
839 12
58 63
172 176
276 317
344 346
539 542
725 730
845 848
894 895
974 975
1068 1068
1305 1306
1484 1488
232 13
18 19
50 53
62 64
97 99
168 172
215 220
233 236
253 253
303 304
376 382
407 410
414 415
459 460
90 15
1 5
16 17
22 23
35 38
46 51
72 77
79 80
81 85
98 99
107 107
111 112
122 122
126 127
149 150
175 176
656 9
60 61
133 136
338 341
554 559
700 700
751 752
881 895
1089 1089
1206 1206
371 11
17 18
36 54
144 149
214 217
265 268
320 322
375 377
398 399
504 505
585 587
638 638
789 11
12 17
253 255
478 482
554 593
626 627
863 867
935 935
1090 1092
1330 1331
1502 1504
1522 1523
518 12
41 44
213 215
278 279
437 439
514 518
537 540
582 582
595 599
733 734
751 752
904 905
943 946
637 9
62 65
228 259
311 316
516 520
696 696
892 892
897 897
1098 1099
1148 1148
446 11
3 5
21 24
53 56
152 156
191 194
328 333
358 402
478 478
598 599
743 743
840 840
310 14
8 11
75 78
126 127
135 138
216 219
295 297
315 315
334 337
378 402
403 404
451 452
553 565
582 592
597 597
326 17
17 20
26 27
44 45
76 79
106 138
159 162
188 191
239 240
280 285
309 313
317 322
334 334
388 390
456 469
477 477
571 572
644 645
603 11
40 41
186 189
217 219
278 338
350 352
382 384
430 435
629 681
785 786
931 931
1056 1074
167 11
4 7
36 39
82 83
122 126
183 184
200 202
214 217
222 232
238 239
283 283
304 304
952 12
90 91
180 185
198 203
477 478
510 511
788 791
959 963
1237 1237
1470 1470
1612 1613
1655 1655
1745 1745
414 9
13 17
75 76
201 202
292 296
453 453
582 582
659 659
742 745
819 820
459 10
35 39
190 191
269 274
344 345
419 420
485 489
615 617
685 685
797 797
897 897
700 17
17 19
30 35
100 170
231 234
255 257
355 356
390 392
517 520
639 642
711 714
724 724
825 827
985 986
1021 1021
1026 1026
1139 1139
1271 1272
200 13
7 17
74 79
107 112
138 141
184 204
209 209
248 248
258 261
293 293
309 311
333 333
382 383
396 396
873 11
12 16
145 150
414 416
427 430
627 629
850 851
946 946
1190 1191
1468 1472
1507 1514
1711 1711
882 10
5 6
285 288
327 330
571 575
656 659
681 683
969 970
1202 1202
1478 1478
1734 1734
870 13
60 62
269 274
482 485
499 501
513 600
623 627
842 843
895 898
1044 1044
1256 1265
1505 1506
1527 1529
1679 1679
42 11
4 5
8 13
24 29
40 45
46 49
54 54
61 61
74 74
78 78
82 82
83 83
333 13
32 37
111 116
177 178
228 233
303 306
343 343
397 400
429 429
506 510
551 552
624 625
642 642
657 657
843 10
39 41
222 226
481 565
835 837
925 940
1076 1076
1202 1206
1319 1319
1387 1387
1570 1570
763 10
6 9
124 128
380 456
470 472
717 721
827 829
908 908
1000 1004
1195 1218
1429 1429
258 11
23 26
39 42
74 86
95 98
167 172
257 262
260 262
329 329
414 414
415 416
476 476
78 9
5 6
19 21
36 41
45 49
58 63
85 86
108 108
129 129
150 150
239 12
10 11
18 23
51 52
129 140
168 169
226 237
259 260
280 281
330 330
374 374
432 435
457 457
248 14
3 4
32 37
55 57
88 100
170 173
240 244
247 252
255 255
268 269
286 289
354 354
362 362
433 434
490 491
364 12
35 37
75 80
111 112
182 183
226 229
301 303
373 374
444 444
544 548
580 580
642 642
694 694
656 13
52 56
194 198
250 315
515 518
546 551
681 703
866 867
869 869
874 875
946 950
1003 1064
1208 1208
1219 1221
421 12
4 9
25 27
118 120
171 175
296 300
310 352
401 402
441 443
507 512
583 585
681 681
790 793
846 10
62 64
115 117
382 387
619 624
854 854
1060 1061
1159 1162
1346 1349
1626 1626
1633 1634
279 14
20 22
33 35
86 87
94 96
141 143
166 168
241 242
272 277
293 293
312 313
391 393
418 418
503 504
544 544
860 10
78 80
171 174
434 436
535 540
757 758
935 937
1029 1029
1225 1228
1435 1435
1608 1608
631 11
29 31
150 152
251 255
279 342
456 487
519 523
571 573
687 688
879 879
971 972
1144 1145
904 12
83 84
305 307
442 532
806 810
921 925
960 960
1189 1189
1219 1220
1239 1284
1332 1332
1431 1431
1690 1694
906 13
2 7
217 221
252 256
379 383
507 512
568 571
790 792
809 813
946 946
1182 1183
1408 1411
1593 1634
1718 1718
346 12
17 21
28 29
79 80
141 143
193 197
276 293
358 358
465 466
519 519
545 545
555 571
623 623
240 14
23 26
70 72
86 91
141 144
149 154
164 166
211 214
220 225
259 260
298 302
323 328
394 395
397 397
453 453
108 11
1 4
15 19
38 42
72 82
94 99
112 114
135 135
143 143
168 170
174 174
192 192
